 Entering CONMIN SERVER RMK
 >>>>>>>>>>>>BEFORE CONMIN CALL<<<<<<<<<<<<<<<<<
  CNMN1
  9.99999999999999955E-008  5.00000000000000024E-005   0.0000000000000000        0.0000000000000000      -2.99999999999999989E-002  3.00000000000000006E-003 -1.00000000000000002E-002  1.00000000000000002E-003
   1.0000000000000000       9.99999974737875164E-005   1.0000000000000000        5.9990279080782898                4           3           1           4
           1           0           0         100           3           0           5           2
           1           0          38           8
 CONSAV 
  9.99999999999999955E-008  5.00000000000000024E-005 -2.99999999999999989E-002  3.00000000000000006E-003 -1.00000000000000002E-002  1.00000000000000002E-003   1.0000000000000000        0.0000000000000000        0.0000000000000000        0.0000000000000000        0.0000000000000000        0.0000000000000000     
  0.46415888336127792       0.46415888336127792        50.000000000000000       6.36777419309834743E-006  2.99999999999999989E-002  3.00000000000000006E-003  1.00000000000000002E-003   5.9990581893484034      -1.74956954401984735E-002   0.0000000000000000        0.0000000000000000     
   0.0000000000000000        1.0015276114491978        22.823529411764707       4.74281133984455483E-009   0.0000000000000000        0.0000000000000000       3.42887658184531860E-002  3.46156804357505062E-003  3.46157278638639047E-003   5.9990581893484034        6.0014294846534852        5.9990279080782898        0.0000000000000000        0.0000000000000000     
  4.93243069491526229E-005   0.0000000000000000        0.0000000000000000        0.0000000000000000        100.00184588235568       -1.0000000000000000       3.42887658184531860E-002  3.46157278638639047E-003  0.43885719117071259     
  3.42887658184531860E-002   100.00184588235568       3.46157278638639133E-003   0.0000000000000000                3         100           0           0
           0           0           0           1           0           1           0
 in conmin driver IGOTO =            5
 CONMIN INFO =            1
 IPRINT, NDV, NCON           4           4           3
  OBJ =    5.9990279080782898     
 X, VLB, VUM, DF, SCAL, S1
     -0.00161569   -100.00000000    100.00000000     -4.99630824      1.00000000     -1.00000000
      1.00066137   -100.00000000    100.00000000     -3.00143726      1.00000000      0.39866158
      2.00102477   -100.00000000    100.00000000    -13.00423424      1.00000000      0.60184602
     -0.99875022   -100.00000000    100.00000000      4.99694478      1.00000000      0.80235035
      0.00000000      0.00000000      0.00000000      0.00000000      0.00000000      0.00115855
      0.00000000      0.00000000      0.00000000      0.00000000      0.00000000      0.00000000
 G, G1, G2, ISC
      0.00042586      0.00042467      0.00042586         0
     -0.99788100     -1.00130635     -0.99788100         0
      0.00028601      0.00027496      0.00028601         0
      0.00000000     -1.00152761      0.00000000         0
      0.00000000      0.00000000      0.00000000         0
      0.00000000      0.00000000      0.00000000         0
      0.00000000      0.00000000      0.00000000         0
      0.00000000      0.00000000      0.00000000         0
      0.00000000      0.00000000      0.00000000         0
      0.00000000      0.00000000      0.00000000         0
      0.00000000      0.00000000      0.00000000         0
 AMAT
      0.00000000
      0.00000000
      0.00000000
      0.00000000
      0.00000000
      0.00000000
      0.00000000
      0.00000000
      0.00000000
      0.00000000
      0.00000000
      0.00000000
      0.00000000
      0.00000000
      0.00000000
      0.00000000
      0.00000000
      0.00000000
      0.00000000
      0.00000000
      0.00000000
      0.00000000
      0.00000000
      0.00000000
      0.00000000
      0.00000000
      0.00000000
      0.00000000
      0.00000000
      0.00000000
      0.00000000
      0.00000000
      0.00000000
      0.00000000
      0.00000000
      0.00000000
      0.00000000
      0.00000000
      0.00000000
      0.00000000
      0.00000000
      0.00000000
      0.00000000
      0.00000000
      0.00000000
      0.00000000
      0.00000000
      0.00000000
      0.00000000
      0.00000000
      0.00000000
      0.00000000
      0.00000000
      0.00000000
      0.00000000
      0.00000000
      0.00000000
      0.00000000
      0.00000000
      0.00000000
      0.00000000
      0.00000000
      0.00000000
      0.00000000
      0.00000000
      0.00000000
 BMAT
      0.19539411
      0.30361428
      0.48982902
      0.00000000
      0.00000000
      0.00000000
      0.00000000
      0.00000000
      0.00000000
      0.00000000
      0.00000000
      6.42450872
     -6.70533143
     -0.08248764
      0.00000000
      0.00000000
      0.00000000
      0.00000000
      0.00000000
      0.00000000
      0.00000000
      0.00000000
      0.09294016
     -0.08248764
     -0.50141243
      0.00000000
      0.00000000
      0.00000000
      0.00000000
      0.00000000
      0.00000000
      0.00000000
      0.00000000
      0.00000000
      0.00000000
      0.00000000
      0.00000000
      0.00000000
      0.00000000
      0.00000000
      0.00000000
      0.00000000
      0.00000000
      0.00000000
      0.00000000
      0.00000000
      0.00000000
      0.00000000
      0.00000000
      0.00000000
      0.00000000
      0.00000000
      0.00000000
      0.00000000
      0.00000000
      0.00000000
      0.00000000
      0.00000000
      0.00000000
      0.00000000
      0.00000000
      0.00000000
      0.00000000
      0.00000000
      0.00000000
      0.00000000
      0.00000000
      0.00000000
      0.00000000
      0.00000000
      0.00000000
      0.00000000
      0.00000000
      0.00000000
      0.00000000
      0.00000000
      0.00000000
      0.00000000
      0.00000000
      0.00000000
      0.00000000
      0.00000000
      0.00000000
      0.00000000
      0.00000000
      0.00000000
      0.00000000
      0.00000000
      0.00000000
      0.00000000
      0.00000000
      0.00000000
      0.00000000
      0.00000000
      0.00000000
      0.00000000
      0.00000000
      0.00000000
      0.00000000
      0.00000000
      0.00000000
      0.00000000
      0.00000000
      0.00000000
      0.00000000
      0.00000000
      0.00000000
      0.00000000
      0.00000000
      0.00000000
      0.00000000
      0.00000000
      0.00000000
      0.00000000
      0.00000000
      0.00000000
      0.00000000
      0.00000000
      0.00000000
      0.00000000
      0.00000000
 C4
      0.19539411
      0.30361428
      0.48982902
      0.00000000
      0.00000000
      0.00000000
      0.00000000
      0.00000000
      0.00000000
      0.00000000
      0.00000000
 IC
       1
       3
       0
       0
       0
       0
       0
       0
       0
       0
       0
 MS1C
       1
       2
       3
       0
       0
       0
       0
       0
       0
       0
       0
       0
       0
       0
       0
       0
       0
       0
       0
       0
       0
       0
 N1, N2, N3, N4, N5
           6          11          11          11          22
 IN CONMIN IPUNIT =            8
 IN CONMIN CNMN1
  9.99999999999999955E-008  5.00000000000000024E-005   0.0000000000000000        0.0000000000000000      -2.99999999999999989E-002  3.00000000000000006E-003 -1.00000000000000002E-002  1.00000000000000002E-003
   1.0000000000000000       9.99999974737875164E-005   1.0000000000000000        5.9990279080782898                4           3           1           4
           1           0           0         100           3           0           5           2
           1           0          38           8
 CONSAV in CONMIN
  9.99999999999999955E-008  5.00000000000000024E-005 -2.99999999999999989E-002  3.00000000000000006E-003 -1.00000000000000002E-002  1.00000000000000002E-003   1.0000000000000000        0.0000000000000000        0.0000000000000000        0.0000000000000000        0.0000000000000000        0.0000000000000000     
  0.46415888336127792       0.46415888336127792        50.000000000000000       6.36777419309834743E-006  2.99999999999999989E-002  3.00000000000000006E-003  1.00000000000000002E-003   5.9990581893484034      -1.74956954401984735E-002   0.0000000000000000        0.0000000000000000     
   0.0000000000000000        1.0015276114491978        22.823529411764707       4.74281133984455483E-009   0.0000000000000000        0.0000000000000000       3.42887658184531860E-002  3.46156804357505062E-003  3.46157278638639047E-003   5.9990581893484034        6.0014294846534852        5.9990279080782898        0.0000000000000000        0.0000000000000000     
  4.93243069491526229E-005   0.0000000000000000        0.0000000000000000        0.0000000000000000        100.00184588235568       -1.0000000000000000       3.42887658184531860E-002  3.46157278638639047E-003  0.43885719117071259     
  3.42887658184531860E-002   100.00184588235568       3.46157278638639133E-003   0.0000000000000000                3         100           0           0
           0           2           0         115          38           0          38
           0           0           0           1           0           1           0
           0           3           3           0           3           0           0
     -0.00161569   -100.00000000    100.00000000     -4.99630824      1.00000000     -1.00000000
      1.00066137   -100.00000000    100.00000000     -3.00143726      1.00000000      0.39866158
      2.00102477   -100.00000000    100.00000000    -13.00423424      1.00000000      0.60184602
     -0.99875022   -100.00000000    100.00000000      4.99694478      1.00000000      0.80235035
      0.00000000      0.00000000      0.00000000      0.00000000      0.00000000      0.00115855
      0.00000000      0.00000000      0.00000000      0.00000000      0.00000000      0.00000000
 G, G1, G2, ISC
      0.00042586      0.00042467      0.00042586         0
     -0.99788100     -1.00130635     -0.99788100         0
      0.00028601      0.00027496      0.00028601         0
      0.00000000     -1.00152761      0.00000000         0
      0.00000000      0.00000000      0.00000000         0
      0.00000000      0.00000000      0.00000000         0
      0.00000000      0.00000000      0.00000000         0
      0.00000000      0.00000000      0.00000000         0
      0.00000000      0.00000000      0.00000000         0
      0.00000000      0.00000000      0.00000000         0
      0.00000000      0.00000000      0.00000000         0
 AMAT
      0.00000000
      0.00000000
      0.00000000
      0.00000000
      0.00000000
      0.00000000
      0.00000000
      0.00000000
      0.00000000
      0.00000000
      0.00000000
      0.00000000
      0.00000000
      0.00000000
      0.00000000
      0.00000000
      0.00000000
      0.00000000
      0.00000000
      0.00000000
      0.00000000
      0.00000000
      0.00000000
      0.00000000
      0.00000000
      0.00000000
      0.00000000
      0.00000000
      0.00000000
      0.00000000
      0.00000000
      0.00000000
      0.00000000
      0.00000000
      0.00000000
      0.00000000
      0.00000000
      0.00000000
      0.00000000
      0.00000000
      0.00000000
      0.00000000
      0.00000000
      0.00000000
      0.00000000
      0.00000000
      0.00000000
      0.00000000
      0.00000000
      0.00000000
      0.00000000
      0.00000000
      0.00000000
      0.00000000
      0.00000000
      0.00000000
      0.00000000
      0.00000000
      0.00000000
      0.00000000
      0.00000000
      0.00000000
      0.00000000
      0.00000000
      0.00000000
      0.00000000
 BMAT
      0.19539411
      0.30361428
      0.48982902
      0.00000000
      0.00000000
      0.00000000
      0.00000000
      0.00000000
      0.00000000
      0.00000000
      0.00000000
      6.42450872
     -6.70533143
     -0.08248764
      0.00000000
      0.00000000
      0.00000000
      0.00000000
      0.00000000
      0.00000000
      0.00000000
      0.00000000
      0.09294016
     -0.08248764
     -0.50141243
      0.00000000
      0.00000000
      0.00000000
      0.00000000
      0.00000000
      0.00000000
      0.00000000
      0.00000000
      0.00000000
      0.00000000
      0.00000000
      0.00000000
      0.00000000
      0.00000000
      0.00000000
      0.00000000
      0.00000000
      0.00000000
      0.00000000
      0.00000000
      0.00000000
      0.00000000
      0.00000000
      0.00000000
      0.00000000
      0.00000000
      0.00000000
      0.00000000
      0.00000000
      0.00000000
      0.00000000
      0.00000000
      0.00000000
      0.00000000
      0.00000000
      0.00000000
      0.00000000
      0.00000000
      0.00000000
      0.00000000
      0.00000000
      0.00000000
      0.00000000
      0.00000000
      0.00000000
      0.00000000
      0.00000000
      0.00000000
      0.00000000
      0.00000000
      0.00000000
      0.00000000
      0.00000000
      0.00000000
      0.00000000
      0.00000000
      0.00000000
      0.00000000
      0.00000000
      0.00000000
      0.00000000
      0.00000000
      0.00000000
      0.00000000
      0.00000000
      0.00000000
      0.00000000
      0.00000000
      0.00000000
      0.00000000
      0.00000000
      0.00000000
      0.00000000
      0.00000000
      0.00000000
      0.00000000
      0.00000000
      0.00000000
      0.00000000
      0.00000000
      0.00000000
      0.00000000
      0.00000000
      0.00000000
      0.00000000
      0.00000000
      0.00000000
      0.00000000
      0.00000000
      0.00000000
      0.00000000
      0.00000000
      0.00000000
      0.00000000
      0.00000000
      0.00000000
 C4
      0.19539411
      0.30361428
      0.48982902
      0.00000000
      0.00000000
      0.00000000
      0.00000000
      0.00000000
      0.00000000
      0.00000000
      0.00000000
 IC
       1
       3
       0
       0
       0
       0
       0
       0
       0
       0
       0
 MS1C
       1
       2
       3
       0
       0
       0
       0
       0
       0
       0
       0
       0
       0
       0
       0
       0
       0
       0
       0
       0
       0
       0
 N1, N2, N3, N4, N5
           6          11          11          11          22
 >>>>>>>>AFTER CONMIN CALL<<<<<<<<<<<<<<
 returned from conmin igoto =            0
 returned from conmin iter =           38
 conmin info =            1
 obj after conmin call =    5.9990279080782898     
 INFO, NAC
       1       0
 X, VLB, VUM, DF, SCAL, S1
     -0.00161569   -100.00000000    100.00000000     -4.99630824      1.00000000     -1.00000000
      1.00066137   -100.00000000    100.00000000     -3.00143726      1.00000000      0.39866158
      2.00102477   -100.00000000    100.00000000    -13.00423424      1.00000000      0.60184602
     -0.99875022   -100.00000000    100.00000000      4.99694478      1.00000000      0.80235035
      0.00000000      0.00000000      0.00000000      0.00000000      0.00000000      0.00115855
      0.00000000      0.00000000      0.00000000      0.00000000      0.00000000      0.00000000
 G, G1, G2, ISC
      0.00042586     -0.00161569      0.00042586         0
     -0.99788100      1.00066137     -0.99788100         0
      0.00028601      2.00102477      0.00028601         0
      0.00000000     -0.99875022      0.00000000         0
      0.00000000      0.00000000      0.00000000         0
      0.00000000      0.00000000      0.00000000         0
      0.00000000      0.00000000      0.00000000         0
      0.00000000      0.00000000      0.00000000         0
      0.00000000      0.00000000      0.00000000         0
      0.00000000      0.00000000      0.00000000         0
      0.00000000      0.00000000      0.00000000         0
 AMAT
      0.00000000
      0.00000000
      0.00000000
      0.00000000
      0.00000000
      0.00000000
      0.00000000
      0.00000000
      0.00000000
      0.00000000
      0.00000000
      0.00000000
      0.00000000
      0.00000000
      0.00000000
      0.00000000
      0.00000000
      0.00000000
      0.00000000
      0.00000000
      0.00000000
      0.00000000
      0.00000000
      0.00000000
      0.00000000
      0.00000000
      0.00000000
      0.00000000
      0.00000000
      0.00000000
      0.00000000
      0.00000000
      0.00000000
      0.00000000
      0.00000000
      0.00000000
      0.00000000
      0.00000000
      0.00000000
      0.00000000
      0.00000000
      0.00000000
      0.00000000
      0.00000000
      0.00000000
      0.00000000
      0.00000000
      0.00000000
      0.00000000
      0.00000000
      0.00000000
      0.00000000
      0.00000000
      0.00000000
      0.00000000
      0.00000000
      0.00000000
      0.00000000
      0.00000000
      0.00000000
      0.00000000
      0.00000000
      0.00000000
      0.00000000
      0.00000000
      0.00000000
 BMAT
      0.19539411
      0.30361428
      0.48982902
      0.00000000
      0.00000000
      0.00000000
      0.00000000
      0.00000000
      0.00000000
      0.00000000
      0.00000000
      6.42450872
     -6.70533143
     -0.08248764
      0.00000000
      0.00000000
      0.00000000
      0.00000000
      0.00000000
      0.00000000
      0.00000000
      0.00000000
      0.09294016
     -0.08248764
     -0.50141243
      0.00000000
      0.00000000
      0.00000000
      0.00000000
      0.00000000
      0.00000000
      0.00000000
      0.00000000
      0.00000000
      0.00000000
      0.00000000
      0.00000000
      0.00000000
      0.00000000
      0.00000000
      0.00000000
      0.00000000
      0.00000000
      0.00000000
      0.00000000
      0.00000000
      0.00000000
      0.00000000
      0.00000000
      0.00000000
      0.00000000
      0.00000000
      0.00000000
      0.00000000
      0.00000000
      0.00000000
      0.00000000
      0.00000000
      0.00000000
      0.00000000
      0.00000000
      0.00000000
      0.00000000
      0.00000000
      0.00000000
      0.00000000
      0.00000000
      0.00000000
      0.00000000
      0.00000000
      0.00000000
      0.00000000
      0.00000000
      0.00000000
      0.00000000
      0.00000000
      0.00000000
      0.00000000
      0.00000000
      0.00000000
      0.00000000
      0.00000000
      0.00000000
      0.00000000
      0.00000000
      0.00000000
      0.00000000
      0.00000000
      0.00000000
      0.00000000
      0.00000000
      0.00000000
      0.00000000
      0.00000000
      0.00000000
      0.00000000
      0.00000000
      0.00000000
      0.00000000
      0.00000000
      0.00000000
      0.00000000
      0.00000000
      0.00000000
      0.00000000
      0.00000000
      0.00000000
      0.00000000
      0.00000000
      0.00000000
      0.00000000
      0.00000000
      0.00000000
      0.00000000
      0.00000000
      0.00000000
      0.00000000
      0.00000000
      0.00000000
      0.00000000
      0.00000000
 C4
      0.19539411
      0.30361428
      0.48982902
      0.00000000
      0.00000000
      0.00000000
      0.00000000
      0.00000000
      0.00000000
      0.00000000
      0.00000000
 IC
       1
       3
       0
       0
       0
       0
       0
       0
       0
       0
       0
 MS1C
       1
       2
       3
       0
       0
       0
       0
       0
       0
       0
       0
       0
       0
       0
       0
       0
       0
       0
       0
       0
       0
       0
 N1, N2, N3, N4, N5
           6          11          11          11          22
 ACTIVE CONSTRAINT INFO

 EXITING CONMIN SERVER ITMAX =          100
 CONMIN INFO =            1
